A 286 111 10 259 52 211 242 206 195 334 43 295 248 # 230 
B 165 156 204 263 381 144 269 53 183 345 352 308 237a 
C 357 67 210 99 132 207 367 363 276 51 
D 25 209 115 
E # 155 279 
F 91 92 289 112 150 191 285 # 278 
G 5 158 368 376 4 316 18 245 32 # 4 8 
H 228 281 212 240 314 218 318 153 11 168 # 383 
I 215 193 288 222 270 198 113 187 45 214 101 250 105 120 109 71 128 221 236 284 
J 189 361 272 296 107 138 359 74 141 362 237 28 217 
K
L 124 34 241 291 400 328 123 336 274 # 16 10 
M 254 147 121 340 93 
N 116 78 148 173 # 44 65 64 
O 339 215 232 26 90 260 394 174 256 200 202 40 161 186 384 266 307 # 264 271 196 
P 6 41 29 146 133 
Q
R 54 293 258 335 136 
S 398 117 134 102 351 55 201 184 387 283 311 177 166 127 # 153 156 243 264 273 272 
T 224 164 131 309 227 226 61 298 231 21 304 281a 137 294 89 106 94 261 194 303 238 395 160 172 255 248 169 42 315 # 20 
U # 189 
V 49 # 229 129 
W 114 319 47 192 273 159 234 185 366 26 262 365 108 297 63 110a 378 302 313 305 321 # 57 
X
Y
Z
