01  Gênesis
        125 221 116 140 4 
02  Êxodo
        21 287 328 13 
03  Levítico
        131 
04  Números
05  Deuteronômio
        3 119 
06  Josué
07  Juízes 
08  Rute
        286 318 
09  1 Samuel
10  2 Samuel
        284 362 
11  1 Reis
        187 
12  2 Reis
13  1 Crônicas 
        60 15 6 
14  2 Crônicas
15  Esdras
16  Neemias 
        26 353 
17  Ester
18  Jó
19  Salmos 
        175 122 122 121 133 25 7 16 27 2 22 51 142 143 151 7 77 28 8 177 68 138 
        118 364 9 155 72 217 129 93 384 374 55 57 58 9 17 37 56 124 17 193 379 
        380 23 18 396 19 32 4 23 309 309 35 65 373 29 59 61 62 63 30 173 18 21 
        99 270 20 348 349 369 371 202 1 139 42 286 318 381 75 181 182 24 34 24 
        152 66 67 14 15 19 33 22 1 10 20 28 10 
20  Provérbios 
        163 363 377 110a 385 161 366 154 156 379 
21  Eclesiastes 
        209 367 
22  Cantares 
        113 
23  Isaías
        114 12 314 228 234 316 47 54 137 158 296 214 112 153 198 96 354 354a 
        305 374 397 159 169 
24  Jeremias 
        260 
25  Lamentações 
        32 
26  Ezequiel
        110 255 172 191 
27  Daniel
        16 76 
28  Oséias
        135 
29  Joel
        82 
30  Amós
31  Obadias 
32  Jonas
33  Miquéias 
        232 241 244 
34  Naum
35  Habacuque 
        2 
36  Sofonias
        347 
37  Ageu
38  Zacarias 
        82 
39  Malaquias 
        209 
40  Mateus
        230 231 247 352 308 320 128 30 134 120 176 101 197 200 203 216 250 327 
        257 258 259 229 357 315 285 292 294 295 296 184 264 281a 265 271 272 
41  Marcos
        141 254 400 358 313 92 312 282 283 382 383 386 
42  Lucas
        338 243 245 240 242 246 235 233 248 249 239 208 370 372 199 3 222 322 
        210 71 73 332 365 367 205 43 340 111 276 289 
43  João
        253 229 236 70 69 268 87 252 345 251 74 352 351 321 94 206 186 95 359 
        180 204 261 274 
44  Atos 
        83 84 85 86 256 280 281 160 168 351 561 300 368 211 341 
45  Romanos 
        188 201 323 310 31 108 337 338 339 275 224 98 190 42 302 304 5 319 8 
        183 37 100 52 
46  1 Coríntios 
        297 192 194 298 220 136 342 343 346 178 
47  2 Coríntios
        399 350 115 157 185 193 90 395 218 225 288 284 36 61 62 64 339 125 126 
48  Gálatas 
        48 77 333 317 132 81 107 262 263 
49  Efésios
        88 42 170 298 94 89 123 390 356 97 307 387 388 306 
50  Filipenses 
        48 164 266 130 398 171 
51  Colossenses 
        149 102 104 337 277 330 179 
52  1Tessalonicenses 
        195 26 290 127 
53  2Tessalonicenses
54  1 Timóteo
        226 227 378 376 78 301 144 145 325 325a 125 311 326 
55  2 Timóteo
        105 167 174 391 392 303 389 221 
56  Tito 
        324 
57  Filemon
58  Hebreus
        213 299 207 344 150 50 331 91 272 278 279 393 394 146 47 
59  Tiago
        117 196 
60  1 Pedro
        44 267 219 223 165 
61  2 Pedro
        162 253 375 
62  1 João
        360 40 41 212 
63  2 João
64  3 João
        329 
65  Judas
        317 
66  Apocalipse
        291 293 166 273 215 11 269 45 53 147 38 6 39 106 142 143 191 49 46 189 
        237a 
